0 0.06953125 0.75625 0.0828125 0.284375
0 0.0609375 0.25703125 0.06875 0.3234375
0 0.58828125 0.275 0.0953125 0.453125
0 0.715625 0.728125 0.096875 0.446875
0 0.8828125 0.2546875 0.065625 0.425
0 0.66171875 0.259375 0.0828125 0.390625
0 0.3078125 0.27265625 0.059375 0.3453125
0 0.19140625 0.26171875 0.0734375 0.3515625
0 0.2390625 0.73984375 0.06875 0.4109375
0 0.740625 0.25078125 0.06875 0.3453125
0 0.93984375 0.26015625 0.0546875 0.2171875
0 0.38125 0.2640625 0.0625 0.4375
0 0.4453125 0.2453125 0.065625 0.396875