0 0.41015625 0.49921875 0.0359375 0.7390625
0 0.96484375 0.33125 0.053125 0.371875
0 0.62421875 0.39453125 0.059375 0.5390625
0 0.56796875 0.44921875 0.0578125 0.6359375
0 0.48125 0.6578125 0.04375 0.403125
0 0.5140625 0.3046875 0.040625 0.328125
0 0.459375 0.3046875 0.040625 0.3375
0 0.175 0.265625 0.046875 0.259375
0 0.96640625 0.32578125 0.05625 0.43125
0 0.8953125 0.35546875 0.065625 0.4453125
0 0.81796875 0.396875 0.0625 0.54375
0 0.7609375 0.39296875 0.0515625 0.5375
0 0.690625 0.40234375 0.05625 0.534375