0 0.41015625 0.50078125 0.0359375 0.7390625
0 0.96484375 0.66875 0.053125 0.371875
0 0.62421875 0.60546875 0.059375 0.5390625
0 0.56796875 0.55078125 0.0578125 0.6359375
0 0.48125 0.3421875 0.04375 0.4046875
0 0.5140625 0.6953125 0.0421875 0.328125
0 0.459375 0.6953125 0.0421875 0.3390625
0 0.175 0.734375 0.046875 0.2609375
0 0.96640625 0.67421875 0.05625 0.4328125
0 0.8953125 0.64453125 0.065625 0.4453125
0 0.81796875 0.603125 0.0625 0.5453125
0 0.7609375 0.60703125 0.0515625 0.5375
0 0.690625 0.59765625 0.0578125 0.534375